10
2
3232
1233
20
7
100000000000000000000000000000000000000000000000000000000000000000000000000000000000000000000000000000000000000
2
9999
9998
36
999
997
999
3
10
20000000000000000000000000000000000000000000000000000000000000000000000000000000000000000000000000000000000000
5000000000000000000000000000000000000000000000000000000000000000000000000000000000000000000
20000000000000000000000000000000000000000000000000000000000000000000000000000000000000000000000000000000000000
999999999999999999999999999999999999999999999999999999999999999999999999999999999999999999999